0.3 200000
467
0.109964 0
0.119973 0
0.115067 0.00865199
0.0399002 0
0.0499093 0
0.0455397 0.00874934
0.0899456 0
0.0999546 0
0.0949903 0.0086645
0.15 0.01
0.15 0.02
0.141779 0.0145417
0.143394 0.00650759
0.139991 0
0.15 0
0.135202 0.00799629
0.125245 0.00869282
0.129982 0
0.15 0.07
0.141332 0.0650163
0.15 0.06
0.105023 0.00865534
0.0174394 0.0878419
0.0173929 0.0776804
0.0261344 0.0828582
0.0849642 0.00866701
0.019539 0.0227646
0.0197177 0.0305298
0.0134595 0.0268112
0.0649886 0.00870748
0.0599183 0
0.0699274 0
0.15 0.05
0.141291 0.0550098
0.110234 0.0172976
0.100154 0.0173372
0.0900695 0.0173567
0.00872298 0.0928093
0.00872347 0.102958
0 0.0977724
0.0174466 0.0979951
0.0261662 0.0930281
0.132686 0.0800159
0.132679 0.07003
0.141341 0.0750103
0.132683 0.100003
0.132685 0.0900077
0.141341 0.0950021
0.0174469 0.128441
0.0174469 0.118292
0.02617 0.123478
0.13268 0.13
0.13268 0.12
0.14134 0.125
0.0175908 0.18937
0.00875699 0.184157
0.0175088 0.179201
0.0700023 0.232656
0.0800127 0.232614
0.0750012 0.241328
0.0499801 0.232703
0.0599991 0.232673
0.0549995 0.241339
0 0.189109
0 0.17896
0.059982 0.215376
0.0549634 0.224043
0.0497621 0.215268
0.0350719 0.179419
0.0440764 0.184547
0.0351483 0.189553
0.07 0.25
0.06 0.25
0.0649995 0.241336
0.141286 0.225232
0.132742 0.220174
0.141341 0.215018
0.141995 0.235241
0.131782 0.231366
0.100077 0.232332
0.10491 0.223316
0.110277 0.231943
0.12 0.25
0.125486 0.241028
0.13 0.25
0.135452 0.241796
0.14 0.25
0.15 0.25
0.143489 0.243407
0.11 0.25
0.115226 0.241046
0.09 0.25
0.08 0.25
0.0850092 0.241305
0.14135 0.204996
0.132759 0.210093
0.085006 0.223861
0.0899761 0.215044
0.0949974 0.22368
0.0799883 0.215158
0.13268 0.18
0.13268 0.19
0.124025 0.184992
0.0177627 0.199557
0.0267898 0.204565
0.0181241 0.209893
0.00891218 0.204544
0.00898281 0.214806
0 0.209406
0 0.219554
0.0950354 0.241247
0.0900337 0.232522
0.0147358 0.241901
0.00818907 0.235266
0.0186336 0.231619
0.00897696 0.22519
0 0.229703
0 0.239851
0 0.25
0.00658497 0.243404
0.0442207 0.205599
0.0352084 0.199549
0.0439812 0.194736
0.0849602 0.206138
0.00873517 0.174
0.0174708 0.16904
0.0174472 0.138589
0.0261702 0.133625
0.132681 0.110001
0.14134 0.115
0.14134 0.105001
0.0174469 0.108144
0.0261701 0.11333
0.0261701 0.103181
0.141342 0.085005
0 0.0774754
0 0.0673269
0.00867064 0.0725127
0.0173501 0.0675981
0.0260896 0.0727713
0.132638 0.06005
0.132497 0.0500528
0.0800063 0.0173539
0.115682 0.0418499
0.10638 0.0445756
0.110971 0.0345971
0.0261636 0.053311
0.0176791 0.0480383
0.026346 0.0440032
0.00866435 0.0624222
0.0123053 0.0336314
0.00724427 0.0291122
0 0.03
0.00571195 0.0346315
0.120272 0.0173088
0.0799365 0
0.0749458 0.00866627
0.0551618 0.0087577
0.03 0
0.0363457 0.00872421
0.13138 0.0182412
0.14102 0.0245163
0.141073 0.0348052
0.132007 0.0295242
0.0326458 0.0172232
0.0276629 0.0257889
0.0248851 0.0167551
0.0505661 0.0174253
0.0413019 0.0172522
0.0903004 0.0348889
0.0851229 0.0260585
0.09528 0.0260744
0.0700836 0.0347813
0.0651234 0.0261017
0.0750662 0.0260541
0.0700204 0.0173774
0.15 0.03
0.15 0.04
0.141185 0.0449508
0.15 0.08
0.15 0.09
0.15 0.1
0.15 0.11
0.15 0.12
0.15 0.13
0.15 0.14
0.14134 0.135
0.15 0.15
0.14134 0.145
0.15 0.16
0.14134 0.155
0.15 0.17
0.14134 0.165
0.15 0.18
0.14134 0.175
0.15 0.19
0.14134 0.185
0.15 0.2
0.14134 0.195
0.105102 0.241135
0.15 0.21
0.15 0.22
0.15 0.23
0.15 0.24
0.1 0.25
0.115412 0.190021
0.124056 0.195039
0.115325 0.200276
0.132708 0.200022
0.05 0.25
0.04 0.25
0.0450048 0.241349
0.03 0.25
0.0349703 0.241313
0.0399104 0.232727
0.0298251 0.232654
0.02 0.25
0.0247428 0.241214
0.01 0.25
0 0.199257
0.00881029 0.194331
0 0.168812
0 0.158663
0.00872715 0.163849
0 0.148515
0.00872446 0.1537
0.12402 0.135
0.13268 0.14
0.12402 0.144999
0 0.138366
0.00872367 0.143552
0 0.128218
0.00872348 0.133404
0 0.118069
0.00872346 0.123255
0 0.107921
0.00872347 0.113107
0 0.0876239
0.00871485 0.0826583
0.0801592 0.0348425
0 0.0571784
0 0.0475261
0.00877402 0.0524381
0.0185976 0.038914
0 0.0384795
0.00901015 0.0419346
0.0174068 0.0577241
0.06019 0.0174362
0.0286297 0.00896325
0.124267 0.0251001
0.123938 0.0551503
0.122062 0.0345744
0.115558 0.0258134
0.124035 0.0850177
0.124029 0.0950079
0.115383 0.0900091
0.045822 0.0257544
0.115349 0.0503436
0.132116 0.0398705
0.10547 0.0260019
0.115441 0.0700588
0.124041 0.0750372
0.115408 0.0800239
0.017449 0.148737
0.0174548 0.158887
0.13268 0.15
0.13268 0.16
0.13268 0.17
0.081359 0.182383
0.0800508 0.172464
0.0894415 0.176122
0.125027 0.224109
0.120576 0.231897
0.115627 0.22177
0.0749975 0.223953
0.0261787 0.153921
0.0650012 0.224001
0.0448297 0.224117
0.0347126 0.224239
0.0181374 0.220308
0.025917 0.224862
0.0699952 0.215297
0.0437983 0.174336
0.11536 0.149999
0.11536 0.139999
0.11536 0.129999
0.115362 0.12
0.124021 0.125
0.115364 0.110001
0.124022 0.115001
0.11537 0.100003
0.124024 0.105003
0.124028 0.065075
0.0266045 0.0352093
0.0369021 0.025384
0.0407722 0.0334034
0.0332279 0.0319581
0.12363 0.0452945
0.055309 0.026084
0.0979394 0.0901471
0.0889143 0.0855571
0.0980367 0.0800538
0.100627 0.0349414
0.106968 0.0650669
0.106839 0.0750012
0.12402 0.154999
0.12402 0.164999
0.0261721 0.143773
0.12402 0.174999
0.0749053 0.206503
0.0796364 0.197774
0.0526533 0.179086
0.0539254 0.189766
0.124158 0.205189
0.115623 0.210611
0.124341 0.215315
0.099848 0.214934
0.0261962 0.164072
0.0282909 0.215406
0.0394474 0.215499
0.0264631 0.194524
0.0263114 0.18439
0.0262346 0.17423
0.11538 0.179987
0.106866 0.185022
0.0349007 0.148952
0.0348936 0.138807
0.0348923 0.128661
0.0348926 0.118514
0.0348932 0.108366
0.0348918 0.0982154
0.0348754 0.0880479
0.0348747 0.0779383
0.0902228 0.0538053
0.079523 0.0524173
0.0851918 0.0438778
0.0260789 0.0629193
0.060095 0.0346702
0.0501894 0.034428
0.0343185 0.0395056
0.0348944 0.0486786
0.0995796 0.0514946
0.107066 0.0552549
0.0986829 0.0600475
0.11545 0.0601424
0.0954162 0.0438913
0.064852 0.0432624
0.0749671 0.0435669
0.106757 0.0849872
0.10672 0.0949885
0.106706 0.104992
0.106702 0.114995
0.1067 0.124997
0.106699 0.134998
0.106699 0.144998
0.11536 0.159999
0.106699 0.154999
0.115359 0.169999
0.106877 0.195001
0.108377 0.215297
0.105763 0.205877
0.0980019 0.170297
0.0978912 0.160279
0.106699 0.164999
0.0349748 0.169255
0.0347991 0.208159
0.0349224 0.1591
0.0436802 0.164226
0.0978905 0.150273
0.0978906 0.140265
0.0978915 0.130256
0.0978928 0.120244
0.0978959 0.110227
0.0979063 0.100199
0.043672 0.0830916
0.034878 0.0680021
0.0437872 0.0729967
0.0348611 0.0582851
0.0442097 0.0431818
0.0437111 0.0630971
0.0549253 0.0428274
0.0434699 0.0535052
0.0826758 0.0602879
0.073946 0.0607551
0.0982916 0.069971
0.0524202 0.108428
0.0524181 0.118568
0.0436148 0.11355
0.0524155 0.128704
0.0436132 0.123696
0.052415 0.138835
0.0436125 0.133838
0.0524212 0.148958
0.0436167 0.143976
0.0524409 0.159068
0.0436335 0.154108
0.0524879 0.169138
0.10675 0.175002
0.0698592 0.19813
0.0600026 0.198413
0.064936 0.189735
0.0982905 0.18029
0.0986028 0.190151
0.0950091 0.20618
0.0992849 0.198697
0.0649564 0.206746
0.055046 0.206778
0.0514278 0.199087
0.0748814 0.18967
0.0436154 0.103402
0.0436091 0.0932416
0.0888605 0.0957509
0.0526976 0.0779307
0.0528575 0.067717
0.0617169 0.0725438
0.0693028 0.0521712
0.0897655 0.0648036
0.0591852 0.0512777
0.0507906 0.0497273
0.0796593 0.101608
0.0705371 0.0972314
0.0796828 0.091417
0.0796493 0.111718
0.0705087 0.107385
0.0796439 0.121798
0.0705043 0.1175
0.07964 0.131865
0.0705011 0.127598
0.079638 0.141926
0.0704996 0.137691
0.0796387 0.151995
0.0705033 0.147793
0.0797167 0.162143
0.0705256 0.157953
0.0705732 0.168342
0.0705193 0.179849
0.0901158 0.196352
0.0901528 0.185859
0.0888283 0.156035
0.0889642 0.166104
0.0888274 0.146004
0.0888283 0.135975
0.0888308 0.125942
0.0888344 0.115901
0.0888414 0.105846
0.0524191 0.0982774
0.0525089 0.0881061
0.0793509 0.0696309
0.0890642 0.0751529
0.0796744 0.0809965
0.0521627 0.0578444
0.0615776 0.0826286
0.062707 0.0615248
0.0705725 0.0870141
0.0614602 0.0928061
0.0613982 0.102974
0.0613966 0.113109
0.0613937 0.123232
0.0613911 0.133349
0.0613912 0.143462
0.0613963 0.15358
0.0832055 0.190341
0.0606246 0.182482
0.0614003 0.163721
0.0613183 0.173816
0.070445 0.0768631
0.0696332 0.0682636
852
0 1 2
3 4 5
6 7 8
9 10 11
9 11 12
13 14 12
15 16 17
16 1 17
18 19 20
2 21 0
22 23 24
8 25 6
26 27 28
29 30 31
14 9 12
32 20 33
34 35 21
7 21 8
35 36 8
37 38 39
40 22 41
42 43 44
45 46 47
48 49 50
51 52 53
54 55 56
57 58 59
60 61 62
63 64 55
65 66 67
68 69 70
71 72 73
74 75 76
74 77 78
79 80 81
75 74 78
82 83 84
84 85 86
87 86 88
89 90 82
91 92 93
94 76 95
96 97 98
97 96 99
100 101 102
103 104 105
106 105 107
108 107 109
79 110 111
112 113 114
109 115 116
116 113 117
118 117 119
120 121 122
99 123 97
55 64 124
125 56 124
126 48 127
52 128 129
128 45 130
49 131 132
131 40 133
46 42 134
135 136 137
23 138 139
43 140 19
141 33 140
25 36 142
143 144 145
146 147 148
137 136 149
28 150 151
152 151 153
154 2 16
31 155 156
155 25 156
4 157 5
158 3 159
160 15 11
15 17 13
161 160 11
1 16 2
161 162 163
21 7 0
35 8 21
160 154 16
25 155 6
164 165 166
156 29 31
21 2 34
5 167 168
134 42 44
169 170 171
30 29 157
172 173 174
4 30 157
5 159 3
175 29 156
11 10 161
10 176 161
177 32 178
176 177 162
161 176 162
33 19 140
18 179 44
162 177 178
179 180 134
178 32 33
180 181 47
19 33 20
181 182 130
19 18 44
182 183 129
44 179 134
183 184 53
134 180 47
184 185 186
47 181 130
185 187 188
130 182 129
187 189 190
129 183 53
189 191 192
53 184 186
191 193 194
186 185 188
193 195 196
188 187 190
195 197 198
190 189 192
90 89 199
192 191 194
197 200 94
194 193 196
200 201 76
196 195 198
199 110 79
198 197 94
202 74 201
94 200 76
203 77 202
74 76 201
86 85 88
77 74 202
203 87 88
83 85 84
77 85 78
89 204 199
91 110 204
90 83 82
205 206 207
92 71 59
110 199 204
198 94 208
72 209 62
110 91 93
107 108 106
93 92 59
209 210 211
59 71 73
210 212 213
73 72 62
214 213 215
62 209 211
216 217 212
211 210 213
218 112 216
217 213 212
218 118 119
112 217 216
112 218 119
115 113 116
215 217 114
108 219 106
63 220 219
107 115 109
61 57 73
64 221 124
222 223 221
220 106 219
224 225 222
220 63 55
226 227 228
229 230 224
231 232 229
223 124 221
233 234 231
225 223 222
235 236 233
230 225 224
39 38 235
232 230 229
237 37 39
234 232 231
135 238 237
236 234 233
38 236 235
239 174 170
40 131 38
136 240 149
238 37 237
174 175 142
241 242 240
238 135 137
27 150 28
242 149 240
150 27 243
244 245 241
151 150 153
245 242 241
244 152 153
166 165 26
246 242 147
156 25 142
157 29 247
165 27 26
157 247 167
166 248 164
15 13 12
15 12 11
248 158 159
248 159 164
77 203 88
77 88 85
113 112 119
113 119 117
245 244 153
245 153 150
163 249 160
160 16 15
160 161 163
2 154 34
44 43 19
249 154 160
141 140 250
36 25 8
142 175 156
249 163 251
5 157 167
252 251 145
42 46 253
29 175 247
159 5 168
254 255 253
168 167 256
257 144 143
178 33 141
162 178 258
163 162 258
34 154 252
258 178 141
259 35 34
171 36 35
47 46 134
260 261 262
130 45 47
131 49 236
129 128 130
49 48 234
53 52 129
48 126 232
186 51 53
126 263 230
188 227 186
263 264 225
188 190 265
264 125 223
190 192 266
194 267 192
227 51 186
194 196 100
227 188 265
268 269 270
265 190 266
196 198 101
267 266 192
267 194 100
73 57 59
100 196 101
59 58 93
101 198 208
110 93 111
208 94 95
271 272 273
75 95 76
272 78 83
90 272 83
83 78 85
90 199 81
78 272 271
272 90 81
80 273 81
81 199 79
58 57 274
264 263 275
58 111 93
96 58 274
62 61 73
223 125 124
211 60 62
55 124 56
213 214 211
276 61 66
214 60 211
277 214 278
213 217 215
114 115 279
217 112 114
115 107 279
115 114 113
279 280 114
106 220 103
220 55 54
105 279 107
105 106 103
281 99 274
225 264 223
103 220 54
69 68 282
230 263 225
283 284 228
232 126 230
284 285 226
234 48 232
285 286 287
236 49 234
286 288 289
38 131 236
288 290 291
37 40 38
290 255 254
238 22 37
255 262 253
238 137 23
250 140 292
137 149 138
22 40 37
171 170 36
149 242 246
22 238 23
173 247 175
23 137 138
242 245 147
138 149 246
165 293 27
245 150 243
147 245 243
294 165 164
293 243 27
295 296 294
163 258 251
154 249 252
252 259 34
297 143 251
259 171 35
42 261 43
259 252 145
170 142 36
170 174 142
239 172 174
174 173 175
173 298 247
298 167 247
299 300 301
294 296 165
169 239 170
258 141 297
251 252 249
140 43 292
251 258 297
297 141 250
302 171 259
303 260 304
46 45 254
45 128 291
261 292 43
128 52 289
261 42 253
52 51 287
253 46 254
51 227 226
254 45 291
227 265 228
291 128 289
266 305 265
289 52 287
267 306 266
287 51 226
263 126 307
267 100 308
305 228 265
309 310 123
306 305 266
311 312 69
101 208 206
306 267 308
208 95 313
308 100 102
207 313 314
102 101 206
75 315 95
206 208 313
272 81 273
315 313 95
75 78 271
75 271 315
315 271 273
111 98 79
98 316 80
111 58 96
98 80 79
276 281 274
61 276 57
98 111 96
125 264 317
61 60 66
214 277 60
276 274 57
104 318 105
277 66 60
67 277 319
214 215 278
280 279 318
280 278 215
279 105 318
280 215 114
318 278 280
54 320 103
320 121 104
54 56 321
56 125 322
320 104 103
320 54 321
323 205 324
321 56 322
275 307 325
322 125 317
307 127 326
317 264 275
127 50 327
275 263 307
50 132 328
307 126 127
132 133 329
127 48 50
133 41 330
50 49 132
41 24 331
132 131 133
24 139 332
133 40 41
333 334 335
138 246 336
41 22 24
337 338 298
24 23 139
147 146 246
139 138 336
147 243 148
146 336 246
296 339 293
168 164 159
296 293 165
293 148 243
146 148 340
256 295 294
294 164 168
167 298 256
145 302 259
250 257 297
302 169 171
261 253 262
341 342 343
344 342 257
172 337 173
144 345 302
346 337 172
345 169 302
337 298 173
294 168 256
339 148 293
239 169 335
143 145 251
250 292 344
292 261 260
257 143 297
257 250 344
345 341 333
344 292 260
334 347 335
348 304 262
291 290 254
349 348 255
289 288 291
350 349 290
287 286 289
351 350 288
226 285 287
352 351 286
228 284 226
353 352 285
305 283 228
354 353 284
306 355 305
356 354 283
306 308 357
308 102 323
355 283 305
102 206 205
355 306 357
324 205 358
357 308 323
206 313 207
323 102 205
314 359 360
313 315 314
273 80 359
273 314 315
314 273 359
316 359 80
358 207 360
96 274 99
97 316 98
361 362 363
282 311 69
66 65 276
322 317 364
321 322 68
66 277 67
65 281 276
365 120 319
277 278 319
318 104 365
318 319 278
319 318 365
121 365 104
320 321 70
121 70 122
121 320 70
366 367 364
317 275 366
70 321 68
68 322 364
368 369 354
364 317 366
369 370 353
366 275 325
370 371 352
325 307 326
371 372 351
326 127 327
372 373 350
327 50 328
373 299 349
328 132 329
331 332 374
329 133 330
332 375 376
139 336 375
330 41 331
347 172 239
331 24 332
146 377 336
332 139 375
148 339 340
377 375 336
340 339 378
256 338 295
144 302 145
342 341 144
342 144 257
169 345 335
335 347 239
347 346 172
376 375 379
333 341 343
337 346 380
338 256 298
377 340 381
382 383 334
260 262 304
344 260 303
255 348 262
342 344 303
384 304 301
290 349 255
299 301 348
288 350 290
385 386 387
286 351 288
386 388 389
285 352 286
388 390 391
284 353 285
390 392 393
283 354 284
392 394 395
355 356 283
394 396 367
357 363 355
396 311 282
357 323 397
363 356 355
398 399 400
401 324 402
363 357 397
205 207 358
397 323 324
360 316 403
207 314 360
316 97 403
316 360 359
403 404 360
99 281 309
281 65 405
123 403 97
398 405 399
123 99 309
67 406 65
309 281 405
67 319 120
406 405 65
365 121 120
406 67 120
122 407 120
68 364 282
69 122 70
408 398 400
362 368 356
366 325 395
325 326 393
367 282 364
326 327 391
367 366 395
327 328 389
395 325 393
328 329 387
393 326 391
329 330 409
391 327 389
330 331 410
389 328 387
387 329 409
300 299 411
409 330 410
412 413 414
347 334 415
410 331 374
375 377 379
374 332 376
377 146 340
339 295 378
346 347 415
340 378 381
339 296 295
380 378 338
342 303 343
341 345 144
333 343 416
335 345 333
412 376 413
343 384 416
346 415 417
338 337 380
380 417 418
382 333 416
304 348 301
303 304 384
349 299 348
343 303 384
419 420 421
350 373 349
422 423 419
351 372 350
424 425 422
352 371 351
426 427 424
353 370 352
428 429 426
354 369 353
430 431 428
356 368 354
432 433 430
363 362 356
269 434 432
397 361 363
268 435 269
324 401 397
268 408 435
401 361 397
436 437 402
324 358 402
404 403 436
404 402 358
403 123 436
404 358 360
436 402 404
309 405 398
399 312 400
310 436 123
405 406 399
310 309 398
407 122 312
407 399 406
122 69 312
407 406 120
399 407 312
367 396 282
401 402 437
395 394 367
438 362 439
393 392 395
440 368 438
391 390 393
441 369 440
389 388 391
442 370 441
387 386 389
443 371 442
409 385 387
444 372 443
410 445 409
411 373 444
410 374 446
447 448 449
445 385 409
376 412 374
445 410 446
376 379 413
412 446 374
417 450 418
378 295 338
383 415 334
379 381 450
378 380 418
381 379 377
382 334 333
451 412 414
415 383 452
380 346 417
414 413 452
448 447 416
416 384 448
384 301 448
447 382 416
449 421 453
299 373 411
300 448 301
446 412 451
373 372 444
445 446 454
372 371 443
385 445 455
371 370 442
386 385 456
370 369 441
388 386 457
369 368 440
390 388 458
368 362 438
392 390 459
362 361 439
394 392 460
361 401 270
439 361 270
437 461 268
436 310 461
270 401 437
310 398 408
437 436 461
461 310 408
400 462 435
396 394 463
312 311 462
311 396 464
400 312 462
462 311 464
435 464 434
464 396 463
434 463 433
463 394 460
433 460 431
460 392 459
431 459 429
459 390 458
429 458 427
458 388 457
427 457 425
457 386 456
425 456 423
456 385 455
423 455 420
455 445 454
420 454 453
454 446 451
447 449 465
448 300 449
413 450 452
413 379 450
450 417 452
381 378 418
381 418 450
383 447 466
417 415 452
447 383 382
447 465 466
453 451 465
411 421 300
444 419 411
421 449 300
443 422 444
419 421 411
442 424 443
422 419 444
441 426 442
424 422 443
440 428 441
426 424 442
438 430 440
428 426 441
439 432 438
430 428 440
270 269 439
432 430 438
437 268 270
269 432 439
408 400 435
408 268 461
464 463 434
464 435 462
269 435 434
463 460 433
432 434 433
460 459 431
430 433 431
459 458 429
428 431 429
458 457 427
426 429 427
457 456 425
424 427 425
456 455 423
422 425 423
455 454 420
419 423 420
454 451 453
421 420 453
451 414 465
449 453 465
452 466 414
452 383 466
466 465 414
36
0 2
1 2
3 2
4 2
6 2
7 2
13 2
14 2
17 2
30 2
31 2
39 1
63 1
64 1
108 1
109 1
116 1
117 1
118 1
135 1
136 1
152 1
155 2
158 2
219 1
221 1
222 1
224 1
229 1
231 1
233 1
235 1
237 1
240 1
241 1
244 1
26
9 1 0
10 1 0
14 0.5 0
18 1 0
20 1 0
32 1 0
87 0.5 0
176 1 0
177 1 0
179 1 0
180 1 0
181 1 0
182 1 0
183 1 0
184 1 0
185 1 0
187 1 0
189 1 0
191 1 0
193 1 0
195 1 0
197 1 0
200 1 0
201 1 0
202 1 0
203 1 0
