93.6634
24.7754
85.3212
99.3901
100.051
99.7909
98.2306
96.4994
100.174
92.5982
115.183
84.0204
171.711
60.2086
99.4763
100.095
92.6763
88.8169
89.4176
108.725
111.558
100.243
100.243
104.924
100.134
98.685
97.0367
95.943
98.681
97.1945
99.1054
95.2572
99.7376
99.6835
98.6362
99.8996
99.7516
100.004
100.049
99.2802
97.005
99.7987
98.1547
98.3025
99.9236
97.3311
96.7993
96.2863
98.1543
94.2473
95.3033
94.1512
92.9822
97.888
98.2869
99.0383
99.4343
103.504
100.174
100.214
106.654
108.808
100.255
118.197
120.042
100.198
100.119
85.5005
99.8591
144.22
121.213
254.305
311.131
95.3748
71.1698
77.8524
44.7628
0.976966
99.566
98.4248
98.3528
95.6301
99.0463
89.9987
88.3442
97.452
79.245
47.4385
69.8543
92.2503
62.6324
100.805
90.869
59.252
86.5442
45.1173
25.1615
68.46
100.112
99.5344
99.9663
99.7773
100.069
100.463
100.231
100.044
100.256
100.027
100.258
100.014
100.239
100.002
100.206
99.9941
100.17
99.9863
100.133
99.9792
100.099
99.9773
100.066
99.9764
100.038
99.9757
100.014
99.9779
99.9921
99.9814
99.9664
99.9843
98.8796
99.9868
99.949
99.9895
99.9281
99.9954
98.264
99.9999
99.8995
100
99.9166
100.004
99.9473
100.009
99.9656
99.7808
99.9099
98.6318
97.8545
99.3779
99.7736
96.127
98.2832
99.8589
94.4358
97.6292
96.7245
96.936
93.692
96.2324
93.0645
95.5538
95.0483
94.9197
92.599
94.3641
92.2357
93.8945
91.9355
93.5166
93.1447
94.7746
94.7459
97.1529
97.9336
95.8176
96.4762
99.4299
100.212
97.5397
101.061
98.2966
100.333
102.009
103.094
99.7966
104.366
100.603
105.891
101.489
107.772
102.489
110.185
103.643
113.449
105.006
106.656
88.5359
107.824
125.788
111.445
79.1144
139.206
115.278
151.07
131.592
184.881
168.86
192.881
152.466
226.736
89.407
139.258
76.9495
57.2773
101.076
69.7947
33.3645
99.6116
98.6357
3.40857
19.3016
100
99.8279
93.334
93.5288
191.878
209.593
97.6156
97.4994
99.6617
95.3243
100.688
97.3856
100.65
83.3778
80.9031
99.1825
42.8322
98.3362
101.688
75.6664
26.1384
102.782
60.4485
99.55
100.159
99.67
99.823
94.7762
99.9852
91.9362
88.4672
100.836
101.621
100.796
105.927
100.705
104.391
100.589
103.112
100.465
102.021
100.349
101.069
100.243
100.219
100.149
100.067
100.096
99.9968
100.064
100.179
100.037
99.9247
100.015
99.993
96.2505
99.976
96.9385
99.9601
97.619
99.9446
99.4702
99.9276
99.5414
99.2959
99.6261
98.8319
99.4547
99.167
98.9979
98.6636
97.0545
101.293
97.6035
97.7117
95.5848
99.8808
94.9682
99.1103
94.4205
96.8029
95.4541
95.9877
93.9608
95.2706
93.671
95.8621
94.7195
95.5878
97.6039
98.3625
96.2912
97.1525
97.9199
100.707
97.9372
99.3521
101.625
100.584
102.674
100.816
103.9
101.07
105.364
101.328
107.158
101.561
109.422
101.72
112.393
101.758
116.484
100.498
122.388
110.263
92.092
131.34
113.571
73.1652
118.364
144.861
125.937
145.625
157.6
164.454
98.367
137.762
117.583
98.752
97.653
96.0296
99.5527
94.1566
101.542
95.1154
84.2366
90.1335
97.1213
88.5842
88.0108
66.771
107.327
100.324
96.6873
99.9818
96.6129
101.212
99.5731
100.137
93.1405
102.434
101.666
101.522
100.737
101.305
100.851
101.061
100.869
100.817
100.814
100.591
100.712
100.392
100.584
100.216
100.454
102.313
100.061
100.225
98.5378
100.13
99.1096
99.7913
100.05
99.6655
99.9791
99.6589
99.9086
99.572
99.8495
99.0676
99.7987
99.5262
99.7518
99.2043
98.1315
98.5782
97.5998
98.6152
97.2897
96.5189
98.1738
100.399
96.0098
95.5469
97.2487
96.7881
96.3819
96.8608
95.1479
95.9325
95.6643
96.4915
94.8232
95.8692
98.088
97.8688
98.8316
99.5916
97.6188
98.3752
99.8296
99.1227
101.964
99.8945
103.109
100.724
104.472
101.649
106.119
102.706
108.14
103.944
110.656
105.426
113.825
107.245
117.853
109.544
105.132
126.466
112.572
102.643
116.724
134.584
122.655
141.576
131.509
139.28
53.5638
119.068
155.105
132.443
91.3777
54.9261
89.5521
97.7648
100.511
96.9629
102.71
101.842
101.914
98.9019
100.041
97.495
95.9126
85.7162
92.8268
131.816
95.4682
97.5563
101.651
102.33
99.7847
100.681
102.813
101.286
101.273
102.807
102.619
102.864
102.299
102.683
101.91
102.346
101.511
101.942
101.131
101.528
100.788
101.137
100.486
100.785
100.222
99.9871
100.38
99.776
100.201
99.7599
100.046
99.5709
99.9059
99.4139
99.3658
99.0459
99.5348
99.0608
99.0109
99.5381
97.7219
98.6617
100.495
99.629
96.8708
100.113
99.3331
96.4856
97.5475
97.2971
96.132
97.1978
96.528
96.6915
97.3733
98.5884
98.381
98.1112
100.671
100.979
98.8506
99.61
101.367
100.421
101.896
101.322
102.473
102.352
103.071
103.556
103.633
104.995
104.06
106.749
115.578
108.937
119.351
122.799
111.735
95.7228
115.415
128.042
120.291
140.736
126.588
123.098
110.234
96.7954
102.03
100.58
101.004
102.232
104.923
122.757
103.355
109.297
87.2242
124.614
108.587
103.812
103.042
104.08
101.741
103.951
103.955
104.203
103.548
107.433
103.008
105.566
102.428
104.02
101.865
102.73
101.351
101.64
100.896
100.701
100.496
99.8759
100.145
100.476
98.646
99.8199
100.207
99.5532
99.9718
99.0997
99.2643
98.6041
98.8799
99.0403
97.9507
97.6114
98.8555
98.571
98.5188
97.2815
98.2119
97.0112
97.9137
97.6365
97.6636
98.2325
99.8505
98.6113
99.2068
100.9
101.605
102.687
100.138
103.967
101.009
105.5
102.002
107.353
103.161
109.603
104.54
112.334
106.207
108.254
105.685
110.803
114.826
107.67
114.011
123.131
118.022
134.35
128.2
104.071
130.815
114.319
115.907
103.55
99.3051
103.937
100.145
119.225
106.262
111.994
101.638
116.633
107.253
105.539
104.965
105.513
103.19
109.264
105.017
107.62
104.308
106.053
103.525
104.639
102.757
103.401
102.046
102.333
101.415
101.411
100.867
100.587
100.384
99.8362
99.9567
99.8039
100.141
99.5579
99.5991
99.3093
99.5417
98.8044
99.3311
99.2144
98.2664
98.9507
99.0497
97.9963
98.8289
98.4266
98.2981
98.8998
97.7287
98.4545
100.386
99.6482
101.257
100.896
102.258
101.463
103.434
102.112
104.832
102.844
106.496
103.638
108.472
104.447
110.791
105.177
113.438
107.45
109.698
116.142
112.447
118.84
115.663
115.51
108.407
107.422
120.591
117.711
127.649
104.178
116.036
112.104
108.648
118.172
109.011
105.179
107.169
106.398
110.779
106.698
105.723
113.53
105.776
111.39
104.757
109.279
103.756
107.336
102.833
105.627
102.012
104.158
101.294
102.908
100.674
101.846
100.14
100.404
99.7038
99.1014
99.9703
98.8566
99.3749
99.3468
99.6085
100.934
99.5121
100.127
99.0296
99.6561
100.161
100.415
100.943
101.28
101.842
102.28
102.89
103.456
104.125
104.854
105.575
106.515
107.255
108.483
109.159
110.787
111.223
113.404
111.757
109.511
115.798
122.542
118.426
118.587
125.056
110.962
111.416
108.988
110.521
113.303
108.633
107.431
107.555
106.125
106.936
104.859
105.996
103.698
104.944
102.675
103.907
101.785
102.95
101.01
102.098
100.34
101.356
99.7737
100.715
99.2307
99.3107
100.616
99.7967
100.337
101.438
101.049
102.379
101.849
103.471
102.767
104.737
103.822
106.187
105.02
107.798
106.328
109.485
107.672
111.087
108.889
112.593
109.679
112.323
113.374
115.128
